$ANSIBLE_VAULT;1.1;AES256
31313631313730336336356636393163313131373338383930643630313964363038613461363839
3064656436643966626563353462313666643035346633370a346163313931666330666366383534
30396265666432363564643032306533646531613263663432386330363238306231353739646332
6539656263663766330a653036383161323961393861376266613162386362643964313264336164
36646465376634303730333165366361316662396663356130613465373762363533303239643631
32656237616333343532343735363966646632373633356136353836333936623364663738646262
61373863373766336165373261623635323035303139393435623566313663376234353764646665
62613630626334396261303164386331343739336138383339613137303261396439313362353139
31613333363833303437396635303266663365363464313862643139313834393631656232613864
34616563356236633564386637323466346536663633343530346233376166333132623731373736
61363632656332303834383264656664353730323335353563656138626139303837636135653933
63616138656637336263323462336132373532336433356335663632633461613535646331316362
66383534313336663437316332383761323436333466353237333037396336643436613761663562
63383661376335336461663531663465626665366533393233343066353561383666343462383232
34303931353432343366333762313966333635643861643839316362666564353666643764666437
64633031376136373239633863653462623637343261663365363838653830626266393761616534
38663532346338393436353138346435633962663739303333383433326465333763383333633963
63613239613935396235343733386337353931383735313337333739373766626134613533336130
63623139323831323763396238303062333764383162343462626264323133653961363765633134
65303237626430326232336234383234373136396461326437613433396166653438323336336638
61643738363863623533303638653538386164343363333439393165306166643934363765663233
65336161653336363762366263346439373466303934303835653932306431333865373731313434
37303839623735366238386430656230353638303834336561316333646638333734633634633561
38663639393162323530623638633433383430323832386632373537363135306139663565616239
32363331653232343232393139646531316263343537306331313831333165393835
