$ANSIBLE_VAULT;1.1;AES256
34346566323866626263663138643630336130643837643838616361303963616663613965383635
3334613731383738396665353561393035323637386264360a306665383130336137366633643436
64343065373963626438373162636361386432323632613338643933393636656262343831643733
3632636362393265650a636431396635656335653561313464376232613934316461376236353237
32616135306164313630646334343932393435396662393135663133613037313933326534326363
65386439316539383639303939313333393330366534353737313234393032666666363561616130
65306363306233663437323533336638343639633231396431343832323331373562386533363966
33653731356439333631343430396231636430636237343436613832386238653937666433653961
36313432666462306233306333616331626430626433303164303534306265613865356266396365
39396562373863356137316239313931396363386265336562363338393561636336336433313864
35303633626664363136306532643634393066376439613039656564303665336233333665643735
38623939323131633762373232313039663334323331326434643030383634316263613635363835
32393132366662313162643433393934353632366331653639623064343234626131343438363633
61373561396262343433333961663136633037636233653562633930666564353831363631643938
61663633633637383563633433616135386136383463396566613232303233326163663363353664
30613131376366396236306331623063323165353738323339616664383362656162396431306138
37636433633337303030373330333263323463373833313835623730396637623233313636366166
32656431623934326462663731346230613965363932376364396339393463303137653434386663
34363333356461623738313431613362346534326139633138613864613937663233383838343835
64336137383731393965346566383431646432626338343835666164623463663861653866306466
63356133646537646263646137386562626666623030386633363338333463626363323531376334
32346132383439643561336431363732326332666466393735663732386431386664333463623730
30356666633135656662343531343436353764366666346139616133336333336139363466363132
30343336306165626436373763643635613233653962366163373836633863643431313662623534
30643336396465633737373163666364313530396536633566323537633136376262
